1
2
1
4
4
5
7
8
5
7
9
8
7
3
15
13
4
5
19
4
3
22
7
22
9
23
2
10
26
30
14
6
21
33
23
17
30
9
34
29
33
8
31
11
13
33
2
16
12
39
5
18
2
41
11
9
14
55
51
24
57
19
23
27
2
10
13
64
67
7
71
19
54
30
23
14
24
64
2
46
74
63
13
37
83
13
76
48
3
4
39
53
43
92
70
49
95
13
6
32
61
80
63
50
79
63
69
83
36
68
53
76
9
80
81
22
25
106
56
107
117
25
25
11
24
126
115
97
111
41
106
96
73
79
131
90
41
83
74
125
62
131
107
110
143
135
54
31
134
34
33
106
79
129
148
139
40
114
45
70
43
143
120
136
34
138
94
99
143
153
65
33
30
131
73
99
109
129
40
159
62
163
42
12
48
65
1
97
88
173
95
50
98
55
127
97
192
117
160
54
190
53
78
59
102
163
143
46
154
40
173
197
132
162
81
86
64
140
5
36
157
179
126
33
161
203
13
91
27
179
37
132
178
105
33
40
210
42
83
86
117
103
99
178
137
190
229
133
67
130
181
32
121
28
157
252
165
81
167
47
157
6
5
125
136
179
237
51
89
17
229
187
225
129
42
40
135
114
2
132
145
240
202
213
31
92
86
276
70
151
277
263
62
134
14
86
247
279
231
275
104
133
33
11
148
82
9
33
169
265
95
233
247
84
234
94
302
177
281
189
239
222
110
102
314
107
223
196
138
229
52
261
202
326
1
73
196
101
155
318
96
185
330
226
193
226
290
206
118
154
14
14
170
352
355
104
307
30
272
106
138
171
11
134
82
25
163
150
287
327
245
285
307
36
184
300
330
147
214
262
53
214
84
280
19
350
101
230
178
350
140
301
349
324
199
154
72
265
246
33
326
285
16
299
313
257
124
55
156
45
152
93
319
193
184
48
2
359
336
185
51
277
264
349
122
395
198
317
254
264
104
404
410
198
374
426
416
306
232
78
107
174
338
375
336
374
257
175
183
306
107
228
29
85
84
212
85
102
141
267
223
262
94
169
321
64
212
240
355
361
295
339
452
232
474
304
352
251
73
130
384
159
407
308
151
81
146
441
473
336
7
68
467
340
281
279
316
375
195
277
